95,35
3,2
3,1
3,3
10,266
10,116
10,230
8,18
8,12
8,15
8,13
8,10
8,16
12,3
12,2
12,1
11,27
11,26
11,25
11,24
11,23
11,22
11,21
11,20
11,19
11,18
11,17
11,16
11,15
11,14
11,13
11,12
11,11
11,10
11,9
11,8
11,6
11,5
11,4
11,3
11,2
11,1
10,308
10,305
10,301
10,292
10,290
10,287
10,282
10,276
10,271
10,260
10,258
10,256
10,255
10,252
10,248
10,246
10,245
10,244
10,240
10,238
10,237
10,223
10,218
10,216
10,215
10,210
10,206
10,203
10,186
20,2
20,1
10,184
20,3
10,179
10,178
19,2
19,1
19,3
10,173
10,167
10,164
10,162
10,161
10,156
10,155
10,148
10,144
10,140
10,130
10,128
10,120
10,111
10,100
10,92
10,88
10,85
10,79
10,77
10,76
10,71
10,32
18,1
10,17
18,3
10,6
10,4
10,3
10,2
14,1
10,1
9,7
